预测值为：, [115.9887 122.2368 128.2981 134.2442 140.1078 145.9125 151.6648]
已知数据预测的相对误差：
 [5.5524 2.7291 3.0759 0.4049 4.7833 6.3823 6.1115 1.3003 1.6852 1.0455
 3.5043 1.8921 0.0549 1.1083 0.7521 1.3996 1.3193 2.1019 0.4675 0.2342
 1.4991 0.0414 0.0798 1.1743 1.8946 0.5701 0.7822 0.6023 2.3781 2.2486
 0.1114 0.5118 1.4475 0.9071 0.4158 0.8075 6.4125 2.9009 1.8746 0.0372
 1.7067 0.3926 2.2873 4.5261 2.5994 0.1997 1.602  0.6565 0.0929 4.0315
 2.1468 0.4158 1.3051 0.1997 0.599  0.0906 2.033  2.0639 0.8069 0.4066
 1.0691 0.5932 0.3141 1.3961 2.4499 0.2747 0.5792 0.2955 0.4011 4.9175
 0.2983 1.5601 4.4864 0.8605 0.6967 2.7001 3.5189 1.8378 4.5845 3.4221
 0.1621 2.1892 2.6395 3.0346 1.1949 1.2642 0.8422 0.8711 2.3778 1.2428
 6.6318 0.9474 1.5646 0.5879 2.488  1.2848 0.5199 2.6341 0.9442 0.4602]
