预测值
[432667.6602 399961.3541 367303.7132 334573.3226 301940.3029 269342.8455
 236836.8326]
已知数据预测的相对误差： 
[ 4.8622  2.2397  1.2889  3.1189  2.2489  1.7867  1.8564  4.0587  3.8985
  3.3217  1.0292  0.8436  1.5623  2.5134  2.6757  4.2338  3.3575  2.5231
  8.325   0.1922  0.3185  1.5824  1.4337  1.8985  3.771  10.4433  7.216
  6.5192  6.7668  7.327   6.954   5.8556  6.2605 22.3594 29.1089 31.1481
 24.0175 21.0945 18.3003  3.4487  8.425  11.2268 11.0164  8.8112  7.1768
  7.4109  4.7689  3.7131  1.6564  0.4035  0.3482  0.7817  2.4608  1.9398
  1.6832  3.5026  4.3     3.92    3.2777  0.1564  4.498   3.3288  1.553
  1.9736  1.1562  1.1762  0.0742  3.0945  3.1762  2.6537  8.1611  0.3316
  3.6088  0.2716  1.9058  0.1351  0.7755  1.1969  1.5703  0.8472  0.5884
  0.916   0.3935  1.5016  3.0313  9.1513  0.7076  1.6979  0.5748  1.1318
  0.4021  0.4566  6.232   1.9314  2.0047  1.9371  1.8768  0.9319  2.7719
  1.4725]
