预测值为：, [73880.7895 69641.2002 66077.7042 63677.645  62018.5728 61072.1566
 60560.3764]
已知数据预测的相对误差：
 [1.15640e+00 8.45400e-01 8.32900e-01 9.63200e-01 1.52560e+00 1.77990e+00
 1.54170e+00 1.56100e-01 2.82560e+00 1.16540e+00 1.86510e+00 2.82090e+00
 1.26000e+00 8.82200e-01 2.07530e+00 3.52490e+00 2.21910e+00 2.33790e+00
 3.27100e-01 3.08300e-01 5.72800e-01 9.35100e-01 1.70300e+00 1.51640e+00
 6.56300e-01 4.89100e-01 4.20000e-02 6.83400e-01 9.04900e-01 4.55200e-01
 2.70200e-01 1.01730e+00 4.60000e-01 1.71920e+00 1.18980e+00 1.30900e-01
 1.14410e+00 2.28160e+00 8.54300e-01 8.64000e-01 1.22900e-01 8.66300e-01
 1.88500e-01 1.01570e+00 1.16300e+00 8.13600e-01 1.30170e+00 5.93000e-01
 8.70800e-01 4.93300e-01 4.51900e-01 6.17700e-01 1.88190e+00 6.77700e-01
 3.64100e-01 3.87300e-01 5.00500e-01 1.26720e+00 7.18600e-01 5.09000e-02
 3.45400e-01 1.31400e-01 4.00000e-02 5.59000e-01 1.93530e+00 2.06790e+00
 3.93800e-01 1.32530e+00 2.41030e+00 9.40300e-01 2.67960e+00 7.64900e-01
 7.32500e-01 8.40000e-02 4.93000e-02 5.52000e-02 3.70900e-01 3.46500e-01
 2.02800e-01 1.92700e-01 8.47000e-02 2.01900e-01 6.21500e-01 3.82400e-01
 4.10000e-02 1.81100e-01 2.76600e-01 6.58600e-01 2.79200e-01 2.59700e-01
 1.02300e-01 7.92000e-02 4.00000e-03 1.13600e-01 5.69100e-01 1.47400e-01
 7.94800e-01 2.65600e+00 5.61290e+00 1.01343e+01]